011011100
011011100
001111000
010111001
001111001
011111101
000001110
011001011
001101111
010111001
001111110
011001100
011001100
001001110
010111001
001001110
010111001
001001110
001101101
011000100
011000100
101000001
000111000
000001110
000111111
000000110
011001011
010000010
100100000
101110010
000111110
000001110
010101001
001001110
000100101
100100000
101100110
010100001
001100101
010111001
000001110
010101001
001001110
000111110
010111010
000001110
010101001
001001110
011000100
011000100
101000001
000111000
000001110
000111111
000000110
011101001
011001011
010000010
100100000
101110010
000111110
000001110
010101001
001001110
000100101
100100000
101100110
010100001
001100101
010111001
000001110
010101001
001001110
000111110
010111010
000001110
010101001
001001110
011000100
011000100
101000001
000111000
000001110
000111111
000000110
011101010
011001011
010000010
100100000
101110010
000111110
000001110
010101001
001001110
000100101
100100000
101100110
010100001
001100101
010111001
000001110
010101001
001001110
000111110
010111010
000001110
010101001
001001110
011000100
011000100
101000001
000111000
000001110
000111111
000000110
011101011
011001011
010000010
100100000
101110010
000111110
000001110
010101001
001001110
000100101
100100000
101100110
010100001
001100101
010111001
000001110
010101001
001001110
000111110
010111010
000001110
010101001
001001110
011000100
011000100
101000001
000101101
111001111
000100000
101011111
110100100
011000100
011000100
101000001
000111000
000001110
010111001
000010110
000111111
000000110
011101100
011001011
011010111
010001100
010000010
100100000
101100101
000111110
010111010
000001110
010101001
001001110
011000100
011000100
101000001
000111000
000001110
010111001
000010110
000111111
000000110
011101101
011001011
011010110
010001100
010000010
100100000
101100101
000111110
010111010
000001110
010101001
001001110
011000100
011000100
101000001
000111000
000001110
010111001
000010110
000111111
000000110
011101110
011001011
011010101
010001100
010000010
100100000
101100101
000111110
010111010
000001110
010101001
001001110
011000100
011000100
101000001
000111000
000001110
010111001
000010110
000111111
000000110
011101111
011001011
011010100
010001100
010000010
100100000
101100101
000111110
010111010
000001110
010101001
001001110
011000100
011000100
101000001
000100000
010100001
001100000
100111110
110100110
