011011100
011011100
001111000
010111001
001111001
011111001
010111001
011111001
010111001
011111001
010111001
011111001
001111010
010111001
001111011
011000100
011000100
101000001
000111011
000001110
000111011
000010110
111001000
011101100
100011100
111011100
011011001
010001110
100011100
011111101
011011101
010001110
001101111
000111011
000001110
011001101
000110001
001001100
000001110
000111000
000010110
011001001
011101100
100011100
011011101
011111001
010001110
011110100
011010111
010001100
000111000
001001110
000111001
000001110
100010010
100011010
011010010
111011001
011011001
010010110
100011010
111011000
010010110
000111000
000001110
100011010
011011111
010010110
001110110
100011010
111011110
011011110
010010110
100011010
111011101
011011101
010010110
100011010
111011100
011011100
010010110
100000100
010000100
011110001
000101110
010010010
000111000
000001110
100011010
011011011
010010110
010000110
100011010
111011010
011011010
010010110
010000110
100011010
111011001
011011001
010010110
010000110
100001100
111001000
010000010
011110001
000111001
000001110
100011010
011001010
111011001
011011001
010010110
010010010
000111000
000001110
100011010
111011110
011011110
010010110
100011010
111011101
011011101
010010110
100011010
111011011
011011011
010010110
100011010
111011010
011011010
010010110
100011010
111011000
010010110
010000110
100001100
111001000
010000010
011110001
000111001
000001110
100011010
011001010
111011000
010010110
010010010
000111000
000001110
100011010
111011110
011011110
010010110
100011010
111011100
011011100
010010110
100011010
111011011
011011011
010010110
100011010
111011001
011011001
010010110
111001000
010010010
100001100
111001000
010000010
011110001
010010000
000111111
000001110
010001100
100010010
100011010
111010000
011011001
110011100
100000110
101000000
110101000
100101101
101101010
000111001
000001110
011010100
011010100
010110001
011110111
010001100
001001110
101001101
110101000
000111001
000001110
011010100
011010100
010110001
011110110
010001100
001001110
101001100
110101000
100100001
101101001
000111000
000001110
011010100
011010100
010110001
010001100
001001110
101000001
110101000
100100010
101101010
000111000
000001110
011010100
011010100
010110001
011110001
010001100
001001110
101000010
110101000
100100011
101101010
000111000
000001110
011010100
011010100
010110001
011110010
010001100
001001110
101000011
110101000
100100100
101101010
000111000
000001110
011010100
011010100
010110001
011110011
010001100
001001110
101000100
110101000
100100101
101101010
000111000
000001110
011010100
011010100
010110001
011110100
010001100
001001110
101000101
110101000
100100110
101101010
000111000
000001110
011010100
011010100
010110001
011110101
010001100
001001110
101000110
110101000
100100111
101101010
000111000
000001110
011010100
011010100
010110001
011110110
010001100
001001110
101000111
110101000
100101000
101101010
000111000
000001110
011010100
011010100
010110001
011110111
010001100
001001110
101001000
110101000
100101001
101101001
000111001
000001110
011010100
011010100
010110001
010001100
001001110
101001001
110101000
100101010
101101010
000111001
000001110
011010100
011010100
010110001
011110001
010001100
001001110
101001010
110101000
100101011
101101010
000111001
000001110
011010100
011010100
010110001
011110010
010001100
001001110
101001011
110101000
011000100
011000100
101000001
000100011
010100010
001100011
000100010
010100010
001100010
000100001
010100010
001100001
000100000
010100010
001100000
100111110
110100010
