011011100
011011100
001111000
010111001
001111001
011111001
010111001
011111001
010111001
011111001
010111001
011111001
001111010
010111001
001111011
011000100
011000100
101000001
000111000
000010110
000111001
000001110
011101101
011010100
011110001
010001100
000111011
001001110
000111000
000001110
100010010
011001001
011101101
011110111
011010100
010001100
000111010
001001110
000111001
000001110
100010010
100011010
111011001
011011001
011010010
010011100
111001000
010001110
000111000
000010110
100011100
011011111
010001110
001101100
100011100
011111001
011011111
010001110
100011100
011111010
011011111
010001110
100011100
011111011
011011111
010001110
100000010
010000010
000111011
000010110
010001100
001001110
000101100
000111000
000010110
100011100
011111100
011011111
010001110
100011100
011111101
011011111
010001110
010000110
011110110
011010111
010000100
010001100
010000010
011101010
000111001
000010110
100011100
011011010
010001110
011110110
011010111
010001100
000111000
000010110
100011100
111011000
010001110
010000110
100011100
011111001
011010111
010001110
100011100
011111010
011010111
010001110
100011100
011111100
011010111
010001110
011110101
011010111
010001100
010000010
011101001
000111001
000010110
100011100
011011010
010001110
011110110
011010111
010001100
000111000
000010110
100011100
111011000
010001110
100011100
011111001
011011111
010001110
100011100
011111011
011011111
010001110
100011100
011111100
011011111
010001110
011110110
011010111
010001100
010000010
011101001
010001000
000111010
000010110
010001100
001001110
000100011
010100010
001100011
000100010
010100010
001100010
000100001
010100010
001100001
000100000
010100010
001100000
100111110
110100000
